1000
-128 416
-1000 1000
-56 304
-1000 1000
-219 85
-1000 1000
-267 269
-1000 1000
-145 154
-1000 1000
-370 208
-1000 1000
-29 387
-1000 1000
-449 430
-1000 1000
-328 55
-1000 1000
-181 385
-1000 1000
-121 226
-1000 1000
-80 228
-1000 1000
-346 118
-1000 1000
-200 162
-1000 1000
-498 435
-1000 1000
-401 267
-1000 1000
-208 226
-1000 1000
-277 90
-1000 1000
-223 271
-1000 1000
-231 463
-1000 1000
-251 35
-1000 1000
-422 316
-1000 1000
-390 269
-1000 1000
-38 153
-1000 1000
-88 199
-1000 1000
-316 282
-1000 1000
-17 473
-1000 1000
-457 131
-1000 1000
-114 456
-1000 1000
-189 45
-1000 1000
-28 223
-1000 1000
-148 437
-1000 1000
-245 350
-1000 1000
-271 404
-1000 1000
-369 220
-1000 1000
-425 459
-1000 1000
-378 496
-1000 1000
-488 388
-1000 1000
-430 224
-1000 1000
-149 347
-1000 1000
-108 272
-1000 1000
-202 326
-1000 1000
-474 312
-1000 1000
-282 209
-1000 1000
-69 133
-1000 1000
-425 236
-1000 1000
-129 289
-1000 1000
-275 299
-1000 1000
-249 250
-1000 1000
-283 196
-1000 1000
-435 151
-1000 1000
-47 306
-1000 1000
-97 437
-1000 1000
-259 477
-1000 1000
-469 203
-1000 1000
-127 59
-1000 1000
-275 147
-1000 1000
-210 449
-1000 1000
-348 29
-1000 1000
-466 451
-1000 1000
-92 35
-1000 1000
-256 74
-1000 1000
-211 81
-1000 1000
-69 27
-1000 1000
-491 404
-1000 1000
-481 185
-1000 1000
-23 270
-1000 1000
-235 112
-1000 1000
-468 336
-1000 1000
0 353
-1000 1000
-191 278
-1000 1000
-270 474
-1000 1000
-78 7
-1000 1000
-408 44
-1000 1000
-88 112
-1000 1000
0 333
-1000 1000
-269 374
-1000 1000
-61 101
-1000 1000
-273 233
-1000 1000
-400 414
-1000 1000
-269 484
-1000 1000
-291 370
-1000 1000
-212 403
-1000 1000
-60 159
-1000 1000
-86 420
-1000 1000
-229 134
-1000 1000
-218 361
-1000 1000
-91 308
-1000 1000
-338 320
-1000 1000
-118 338
-1000 1000
-242 367
-1000 1000
-291 2
-1000 1000
-228 175
-1000 1000
-134 250
-1000 1000
-7 382
-1000 1000
-405 63
-1000 1000
-57 487
-1000 1000
-452 331
-1000 1000
-275 1
-1000 1000
-383 462
-1000 1000
-136 161
-1000 1000
-87 202
-1000 1000
-8 234
-1000 1000
-306 125
-1000 1000
-480 303
-1000 1000
-212 434
-1000 1000
-129 70
-1000 1000
-345 400
-1000 1000
-194 245
-1000 1000
-466 9
-1000 1000
-153 386
-1000 1000
-385 108
-1000 1000
-275 233
-1000 1000
-144 215
-1000 1000
-216 441
-1000 1000
-297 71
-1000 1000
-46 153
-1000 1000
-246 83
-1000 1000
-262 400
-1000 1000
-316 153
-1000 1000
-224 327
-1000 1000
-188 297
-1000 1000
-476 253
-1000 1000
-361 431
-1000 1000
-187 225
-1000 1000
-157 405
-1000 1000
-462 482
-1000 1000
-60 413
-1000 1000
-375 476
-1000 1000
-277 247
-1000 1000
-41 496
-1000 1000
-497 127
-1000 1000
-327 152
-1000 1000
-265 2
-1000 1000
-436 489
-1000 1000
-195 274
-1000 1000
-250 289
-1000 1000
-301 324
-1000 1000
-417 385
-1000 1000
-119 97
-1000 1000
-9 98
-1000 1000
-359 312
-1000 1000
-171 326
-1000 1000
-367 244
-1000 1000
-140 481
-1000 1000
-455 433
-1000 1000
-74 498
-1000 1000
-104 172
-1000 1000
-468 433
-1000 1000
-200 86
-1000 1000
-76 369
-1000 1000
-346 281
-1000 1000
-247 39
-1000 1000
-457 24
-1000 1000
-32 453
-1000 1000
-100 200
-1000 1000
-367 77
-1000 1000
-386 277
-1000 1000
-120 311
-1000 1000
-85 57
-1000 1000
-492 445
-1000 1000
-121 166
-1000 1000
-357 413
-1000 1000
-201 66
-1000 1000
-314 173
-1000 1000
-38 110
-1000 1000
-442 3
-1000 1000
-145 79
-1000 1000
-255 98
-1000 1000
-215 59
-1000 1000
-184 247
-1000 1000
-461 50
-1000 1000
-316 181
-1000 1000
-76 7
-1000 1000
-268 164
-1000 1000
-80 255
-1000 1000
-45 58
-1000 1000
-262 7
-1000 1000
-155 237
-1000 1000
-297 44
-1000 1000
-459 169
-1000 1000
-456 32
-1000 1000
-272 106
-1000 1000
-336 349
-1000 1000
-117 174
-1000 1000
-466 395
-1000 1000
-106 97
-1000 1000
-212 280
-1000 1000
-429 215
-1000 1000
-466 174
-1000 1000
-297 167
-1000 1000
-212 124
-1000 1000
-291 227
-1000 1000
-379 488
-1000 1000
-411 32
-1000 1000
-108 391
-1000 1000
-32 433
-1000 1000
-321 403
-1000 1000
-486 237
-1000 1000
-242 338
-1000 1000
-417 118
-1000 1000
-452 183
-1000 1000
-489 446
-1000 1000
-77 429
-1000 1000
-201 364
-1000 1000
-352 260
-1000 1000
-79 37
-1000 1000
-264 341
-1000 1000
-439 186
-1000 1000
-395 396
-1000 1000
-25 124
-1000 1000
-24 205
-1000 1000
-408 88
-1000 1000
-496 424
-1000 1000
-318 448
-1000 1000
-151 378
-1000 1000
-442 195
-1000 1000
-364 295
-1000 1000
-348 401
-1000 1000
-477 195
-1000 1000
-469 65
-1000 1000
-360 382
-1000 1000
-197 95
-1000 1000
-252 419
-1000 1000
-341 306
-1000 1000
-217 372
-1000 1000
-456 40
-1000 1000
-183 363
-1000 1000
-218 490
-1000 1000
-38 418
-1000 1000
-439 492
-1000 1000
-375 243
-1000 1000
-188 95
-1000 1000
-343 209
-1000 1000
-180 452
-1000 1000
-263 481
-1000 1000
-357 461
-1000 1000
-449 321
-1000 1000
-382 322
-1000 1000
-106 76
-1000 1000
-168 407
-1000 1000
-172 103
-1000 1000
-422 228
-1000 1000
-85 422
-1000 1000
-47 10
-1000 1000
-67 172
-1000 1000
-258 444
-1000 1000
-308 255
-1000 1000
-319 235
-1000 1000
-382 130
-1000 1000
-334 240
-1000 1000
-196 212
-1000 1000
-415 175
-1000 1000
-194 296
-1000 1000
-485 162
-1000 1000
-335 245
-1000 1000
-304 157
-1000 1000
-300 203
-1000 1000
-49 317
-1000 1000
-237 147
-1000 1000
-56 172
-1000 1000
-77 190
-1000 1000
-213 79
-1000 1000
-468 241
-1000 1000
-140 357
-1000 1000
-217 288
-1000 1000
-58 132
-1000 1000
-8 150
-1000 1000
-473 278
-1000 1000
-394 267
-1000 1000
-102 11
-1000 1000
-492 119
-1000 1000
-301 409
-1000 1000
-349 145
-1000 1000
-382 12
-1000 1000
-374 159
-1000 1000
-68 444
-1000 1000
-437 330
-1000 1000
-214 82
-1000 1000
-118 155
-1000 1000
-459 316
-1000 1000
-338 309
-1000 1000
-4 142
-1000 1000
-455 42
-1000 1000
-470 433
-1000 1000
-71 224
-1000 1000
-103 81
-1000 1000
-176 426
-1000 1000
-307 489
-1000 1000
-478 27
-1000 1000
-48 396
-1000 1000
-274 164
-1000 1000
-159 331
-1000 1000
-86 450
-1000 1000
-363 485
-1000 1000
-285 167
-1000 1000
-61 372
-1000 1000
-497 301
-1000 1000
-236 285
-1000 1000
-112 381
-1000 1000
-465 142
-1000 1000
-474 299
-1000 1000
-357 183
-1000 1000
-98 187
-1000 1000
-456 11
-1000 1000
-225 261
-1000 1000
-337 487
-1000 1000
-387 303
-1000 1000
-419 165
-1000 1000
-284 258
-1000 1000
-344 250
-1000 1000
-285 270
-1000 1000
-47 401
-1000 1000
-87 16
-1000 1000
-448 366
-1000 1000
-121 338
-1000 1000
-213 338
-1000 1000
-61 304
-1000 1000
-281 88
-1000 1000
-469 289
-1000 1000
-376 389
-1000 1000
-367 205
-1000 1000
-326 364
-1000 1000
-94 256
-1000 1000
-104 378
-1000 1000
-186 197
-1000 1000
-175 264
-1000 1000
-286 90
-1000 1000
-464 244
-1000 1000
-204 450
-1000 1000
-212 178
-1000 1000
-197 269
-1000 1000
-426 338
-1000 1000
-32 219
-1000 1000
-346 216
-1000 1000
-357 450
-1000 1000
-322 417
-1000 1000
-40 257
-1000 1000
-162 80
-1000 1000
-202 314
-1000 1000
-90 144
-1000 1000
-202 349
-1000 1000
-292 324
-1000 1000
-98 454
-1000 1000
-161 298
-1000 1000
-249 137
-1000 1000
-477 423
-1000 1000
-374 158
-1000 1000
-484 255
-1000 1000
-201 463
-1000 1000
-370 179
-1000 1000
-91 240
-1000 1000
-295 75
-1000 1000
-434 307
-1000 1000
-326 131
-1000 1000
-123 80
-1000 1000
-391 290
-1000 1000
-177 161
-1000 1000
-328 313
-1000 1000
-428 85
-1000 1000
-121 193
-1000 1000
-153 418
-1000 1000
-356 249
-1000 1000
-51 262
-1000 1000
-27 403
-1000 1000
-189 459
-1000 1000
-398 156
-1000 1000
-239 387
-1000 1000
-188 338
-1000 1000
-294 483
-1000 1000
-458 11
-1000 1000
-71 89
-1000 1000
-253 118
-1000 1000
-424 296
-1000 1000
-422 190
-1000 1000
-75 126
-1000 1000
-461 15
-1000 1000
-370 257
-1000 1000
-349 352
-1000 1000
-41 471
-1000 1000
-73 308
-1000 1000
-366 313
-1000 1000
-171 209
-1000 1000
-396 344
-1000 1000
-406 290
-1000 1000
-278 117
-1000 1000
-403 473
-1000 1000
-66 493
-1000 1000
-341 288
-1000 1000
-130 101
-1000 1000
-374 310
-1000 1000
-233 473
-1000 1000
-314 185
-1000 1000
-405 384
-1000 1000
-412 334
-1000 1000
-487 480
-1000 1000
-192 386
-1000 1000
-344 324
-1000 1000
-413 399
-1000 1000
-52 174
-1000 1000
-342 132
-1000 1000
-419 377
-1000 1000
-296 260
-1000 1000
-162 11
-1000 1000
-391 60
-1000 1000
-482 218
-1000 1000
-45 359
-1000 1000
-73 33
-1000 1000
-377 498
-1000 1000
-139 441
-1000 1000
-129 483
-1000 1000
-64 7
-1000 1000
-158 344
-1000 1000
-300 491
-1000 1000
-256 213
-1000 1000
-367 484
-1000 1000
-76 462
-1000 1000
-459 123
-1000 1000
-414 11
-1000 1000
-432 474
-1000 1000
-422 130
-1000 1000
-75 315
-1000 1000
-427 185
-1000 1000
-235 451
-1000 1000
-85 302
-1000 1000
-482 184
-1000 1000
-481 124
-1000 1000
-397 92
-1000 1000
-106 186
-1000 1000
-114 426
-1000 1000
-371 231
-1000 1000
-86 440
-1000 1000
-381 119
-1000 1000
-7 85
-1000 1000
-455 251
-1000 1000
-376 341
-1000 1000
-96 336
-1000 1000
-111 487
-1000 1000
-487 203
-1000 1000
-160 345
-1000 1000
-121 152
-1000 1000
-424 64
-1000 1000
-231 474
-1000 1000
-387 84
-1000 1000
-489 111
-1000 1000
-304 494
-1000 1000
-380 270
-1000 1000
-490 36
-1000 1000
-467 40
-1000 1000
-224 415
-1000 1000
-347 72
-1000 1000
-111 333
-1000 1000
-122 51
-1000 1000
-287 96
-1000 1000
-283 105
-1000 1000
-147 38
-1000 1000
-400 153
-1000 1000
-266 238
-1000 1000
-10 181
-1000 1000
-306 272
-1000 1000
-45 118
-1000 1000
-246 5
-1000 1000
-358 388
-1000 1000
-401 332
-1000 1000
-169 396
-1000 1000
-260 474
-1000 1000
-296 39
-1000 1000
-136 97
-1000 1000
-224 389
-1000 1000
-290 475
-1000 1000
-323 114
-1000 1000
-40 343
-1000 1000
-199 213
-1000 1000
-143 445
-1000 1000
-227 164
-1000 1000
-180 441
-1000 1000
-165 288
-1000 1000
-215 298
-1000 1000
-421 108
-1000 1000
-92 16
-1000 1000
-335 253
-1000 1000
-337 384
-1000 1000
-317 270
-1000 1000
-138 332
-1000 1000
-497 414
-1000 1000
-135 22
-1000 1000
-68 200
-1000 1000
-9 358
-1000 1000
-410 351
-1000 1000
-304 381
-1000 1000
-221 400
-1000 1000
-306 253
-1000 1000
-357 364
-1000 1000
-498 435
-1000 1000
-296 396
-1000 1000
-471 443
-1000 1000
-131 498
-1000 1000
-202 335
-1000 1000
-125 493
-1000 1000
-20 134
-1000 1000